
# bubble-sort the following numeric vector
v <- c(3,5,8,23,5,5,3,1,4,56,2,3,21,1,3,4,5)

for ...